erythema,scaling,definite-borders,itching,koebner phenomenon,polygonal papules,follicular papules,oral-mucosal involvement,knee elbow involvement,scalp involvement,family history,melanin incontinence,eosinophils in the infiltrate,pnl infiltrate,fibrosis of the papillary dermis,exocytosis,acanthosis,hyperkeratosis,parakeratosis,clubbing of the rete ridges,elongation of the rete ridges,thinning of the suprapapillary epidermis,spongiform pustule,munro microabcess,focal hypergranulosis,disappearance of the granular layer,vacuolisation and damage of the basal layer,spongiosis,saw-tooth appearance of retes,follicular horn plug,perifollicular parakeratosis,inflammatory monoluclear infiltrate,band-like infiltrate,age
2,2,0,3,0,0,0,0,1,0,0,0,0,0,0,3,2,0,0,0,0,0,0,0,0,0,0,3,0,0,0,1,0,55.0
3,3,3,2,1,0,0,0,1,1,1,0,0,1,0,1,2,0,2,2,2,2,2,1,0,0,0,0,0,0,0,1,0,8.0
2,1,2,3,1,3,0,3,0,0,0,1,0,0,0,1,2,0,2,0,0,0,0,0,2,0,2,3,2,0,0,2,3,26.0
2,2,2,0,0,0,0,0,3,2,0,0,0,3,0,0,2,0,3,2,2,2,2,0,0,3,0,0,0,0,0,3,0,40.0
2,3,2,2,2,2,0,2,0,0,0,1,0,0,0,1,2,0,0,0,0,0,0,0,2,2,3,2,3,0,0,2,3,45.0
2,3,2,0,0,0,0,0,0,0,0,0,2,1,0,2,2,0,2,0,0,0,1,0,0,0,0,2,0,0,0,1,0,41.0
2,1,0,2,0,0,0,0,0,0,0,0,0,0,3,1,3,0,0,0,2,0,0,0,0,0,0,0,0,0,0,2,0,18.0
2,2,3,3,3,3,0,2,0,0,0,2,0,0,0,2,3,0,0,0,0,0,0,0,0,2,2,3,2,0,0,3,3,57.0
2,2,1,0,2,0,0,0,0,0,0,0,0,0,0,2,1,0,1,0,0,0,0,0,0,0,0,2,0,0,0,2,0,22.0
2,2,1,0,1,0,0,0,0,0,0,0,0,0,0,3,2,0,2,0,0,0,0,0,0,0,0,2,0,0,0,2,0,30.0
3,3,2,1,1,0,0,0,2,2,1,0,0,0,0,0,3,2,3,2,2,2,1,1,0,0,0,0,0,0,0,1,0,20.0
2,2,0,3,0,0,0,0,0,0,0,0,0,2,0,2,2,0,0,0,0,0,1,0,0,0,0,3,0,0,0,1,0,21.0
3,3,1,2,0,0,0,0,0,1,0,0,0,2,0,3,1,0,1,0,0,0,0,0,0,0,0,2,0,0,0,1,0,22.0
2,3,3,0,0,0,0,0,1,1,1,0,0,1,0,0,2,1,2,1,2,3,0,2,0,0,0,0,0,0,0,2,0,10.0
2,2,3,3,0,3,0,2,0,0,0,2,0,0,0,1,1,1,1,0,0,0,0,0,2,0,3,0,3,0,0,1,3,65.0
1,1,0,1,3,0,0,0,0,0,0,0,0,0,0,1,1,0,1,0,0,0,0,0,0,0,0,2,0,0,0,2,0,40.0
2,2,1,3,0,0,0,0,0,0,0,0,0,2,0,2,1,0,1,0,0,0,0,0,0,0,0,0,0,0,0,1,0,30.0
3,3,3,0,0,0,0,0,3,3,1,0,0,2,0,0,2,0,2,3,3,3,2,3,0,3,0,0,0,0,0,2,0,38.0
2,1,3,3,3,3,0,0,2,0,0,3,0,0,0,3,2,0,1,0,0,0,0,0,3,0,2,0,3,0,0,2,3,23.0
1,1,0,3,0,0,0,0,0,0,0,0,0,0,3,0,3,2,2,0,3,0,0,0,0,0,0,1,0,0,0,2,0,17.0
2,1,1,2,0,0,3,0,1,2,0,0,0,1,0,0,1,2,2,0,1,0,1,0,0,0,0,0,0,1,2,1,0,8.0
3,2,2,0,0,0,0,0,0,0,0,0,0,2,0,2,2,1,2,0,2,1,2,0,0,0,0,3,0,0,0,2,0,51.0
2,2,0,2,0,0,0,0,0,0,0,0,0,0,1,1,3,1,2,0,2,1,0,0,0,0,0,1,0,1,0,2,0,42.0
2,2,2,3,2,2,0,2,0,0,0,3,2,0,0,0,2,1,1,0,0,0,0,0,3,0,3,0,2,0,0,2,3,44.0
2,0,0,3,0,0,0,0,0,0,0,0,0,0,2,2,2,0,0,0,3,0,0,0,0,0,0,0,0,0,0,2,0,22.0
2,1,1,0,1,0,0,0,2,0,0,0,0,0,0,0,2,2,2,2,2,2,1,2,0,2,0,0,0,0,0,2,0,33.0
1,1,0,1,0,0,3,0,1,0,0,0,0,1,0,0,1,1,1,0,0,0,0,0,1,0,0,1,0,2,2,1,0,10.0
1,2,2,3,0,0,0,0,0,0,0,0,0,0,1,1,2,1,1,0,3,0,0,0,0,0,0,1,0,0,0,3,0,17.0
3,2,2,2,0,0,0,0,0,0,0,0,0,2,0,3,3,3,2,0,0,0,0,0,0,0,0,2,0,1,1,2,0,43.0
1,1,2,3,2,2,0,3,0,0,0,2,0,0,0,2,2,1,2,0,0,0,0,0,3,0,3,0,3,1,0,2,3,50.0
3,2,1,2,0,0,0,0,1,2,0,0,0,1,0,0,2,0,3,2,2,2,1,2,0,2,0,0,0,0,0,1,0,50.0
3,2,0,2,0,0,0,0,0,0,0,0,1,2,0,2,1,1,1,0,0,0,1,0,0,0,0,0,0,0,0,1,0,10.0
2,3,3,3,3,0,0,0,3,3,0,0,0,0,0,0,3,2,2,3,3,3,1,3,0,0,0,0,0,0,0,1,0,34.0
2,2,1,0,0,0,0,0,1,0,1,0,0,2,0,0,2,1,2,2,1,2,0,1,0,0,0,0,0,0,0,0,0,36.29608938547486
2,1,0,0,2,0,0,0,0,0,0,0,0,0,0,2,1,1,1,0,0,0,0,0,0,0,0,0,0,0,0,0,0,36.29608938547486
2,2,1,2,0,0,0,0,0,0,0,0,0,2,0,1,0,1,0,0,0,0,0,0,0,0,0,0,0,0,0,0,0,36.29608938547486
2,1,2,3,2,3,0,2,0,0,1,1,0,0,0,2,1,1,2,0,0,0,0,0,1,0,2,0,2,0,0,0,3,36.29608938547486
2,1,1,1,0,0,0,0,0,0,0,0,0,1,0,3,2,1,0,0,0,0,2,0,0,0,0,2,0,0,0,1,0,15.0
2,1,2,3,2,1,0,2,0,0,0,0,0,0,0,2,2,2,1,0,0,0,0,0,2,0,1,0,3,0,0,2,3,26.0
3,3,2,0,0,0,0,0,2,2,1,0,0,1,0,0,2,2,3,2,2,1,0,2,0,0,0,0,0,0,0,1,0,46.0
1,1,1,0,0,0,1,0,0,0,0,0,1,1,0,2,1,1,1,0,0,0,0,0,0,0,0,3,0,0,0,1,0,51.0
1,1,1,0,0,0,0,0,0,0,0,0,0,1,0,1,1,0,1,0,0,0,0,0,0,0,0,2,0,0,0,2,0,62.0
3,2,1,1,0,0,0,0,2,1,0,0,0,0,0,0,2,1,1,1,1,1,0,1,0,0,0,0,0,0,0,1,0,15.0
2,1,1,0,0,0,0,0,1,0,0,0,0,1,0,1,1,0,1,0,0,0,0,0,0,0,0,2,0,0,0,2,0,35.0
0,1,0,3,0,0,0,0,0,0,0,0,0,0,2,0,2,2,0,0,0,0,0,0,0,0,0,0,0,0,0,1,0,30.0
2,1,1,1,1,2,0,1,0,0,0,2,0,0,0,3,2,1,1,0,0,0,0,0,2,0,2,0,2,0,0,3,3,48.0
2,1,1,3,3,0,0,0,0,0,0,0,0,0,0,2,2,1,1,0,0,0,0,0,0,0,0,1,0,0,0,2,0,46.0
2,1,1,1,0,0,2,0,3,2,0,0,0,1,0,1,1,1,1,0,0,0,0,0,0,0,0,0,0,0,1,1,1,12.0
1,2,1,1,0,0,0,0,0,1,0,0,0,0,0,2,1,0,1,0,0,0,0,0,0,0,0,2,0,0,0,0,2,52.0
2,0,1,0,0,2,0,1,0,0,0,3,0,0,0,2,2,2,2,0,0,0,0,0,1,0,3,0,2,0,0,2,2,60.0
3,1,1,2,2,2,0,0,0,0,0,2,0,0,0,2,1,0,1,0,0,0,0,0,1,0,2,0,3,0,0,2,3,32.0
1,1,1,0,2,0,0,0,0,0,0,0,0,1,0,1,1,1,1,0,0,0,0,1,0,0,0,0,1,0,0,1,0,35.0
2,2,1,0,0,0,0,0,2,2,0,0,0,1,0,0,2,1,1,1,2,2,1,2,0,0,0,0,0,0,0,1,0,41.0
3,1,1,1,1,0,0,0,0,1,1,0,0,0,0,0,1,0,2,2,2,3,0,3,0,0,0,0,0,0,0,2,0,48.0
0,1,0,2,0,0,0,0,0,0,0,0,0,0,3,1,2,1,0,0,1,0,0,0,0,0,0,0,0,0,0,3,0,51.0
2,2,2,0,0,0,0,0,0,1,0,0,0,0,0,1,2,0,2,1,3,2,0,1,0,0,0,0,0,0,0,1,0,19.0
1,1,1,2,0,0,0,0,0,0,0,0,1,1,0,3,1,0,0,0,0,0,0,0,0,0,0,2,0,0,0,2,0,22.0
2,1,1,3,0,3,0,1,0,0,0,1,0,0,0,2,2,0,1,0,0,0,0,0,1,0,3,0,1,0,0,2,2,29.0
1,1,1,0,0,0,0,0,0,0,0,0,0,0,0,1,1,0,1,0,0,0,0,0,0,1,0,1,0,0,0,1,0,25.0
3,3,0,3,0,0,0,0,0,0,0,0,1,1,0,3,1,0,0,0,0,0,0,0,0,0,0,3,0,0,0,2,0,33.0
2,2,1,1,0,0,1,0,1,1,1,0,0,0,0,1,2,1,1,1,1,0,0,0,0,0,0,1,0,1,1,1,0,8.0
2,1,1,0,0,0,0,0,1,1,1,0,0,1,0,0,2,2,2,2,2,2,0,1,0,1,0,0,0,0,0,1,0,40.0
1,1,0,1,0,0,0,0,0,0,0,0,0,0,2,1,3,0,2,0,2,0,0,0,0,0,0,0,0,0,0,1,0,33.0
3,3,2,1,1,0,0,0,2,2,1,0,0,0,0,0,3,2,3,2,2,2,1,1,0,0,0,0,0,0,0,1,0,42.0
2,2,0,3,0,0,0,0,0,0,0,0,0,2,0,3,1,0,1,0,0,0,0,0,0,0,0,2,0,0,0,2,0,36.0
3,2,2,2,0,2,0,1,0,0,0,2,0,0,0,1,1,1,1,0,0,0,0,0,2,0,2,0,2,0,0,1,3,60.0
2,2,2,0,0,0,0,0,2,2,0,0,0,1,0,0,2,0,2,3,3,3,1,3,0,3,0,0,0,0,0,3,0,36.0
1,1,0,1,3,0,0,0,0,0,0,0,0,0,0,1,1,0,1,0,0,0,0,0,0,0,0,2,0,0,0,2,0,21.0
3,3,3,2,0,0,0,0,0,0,0,0,0,0,3,2,2,2,2,0,2,0,0,0,0,0,0,0,0,0,0,3,0,40.0
3,3,3,0,1,0,0,0,2,0,0,0,0,0,0,1,1,2,2,2,2,2,0,0,0,0,0,0,0,0,0,2,0,21.0
2,2,2,1,0,0,0,0,0,0,0,0,0,1,0,1,2,0,0,0,0,0,0,0,0,0,0,2,0,0,0,1,0,34.0
2,1,2,0,0,0,3,0,3,0,0,0,0,0,0,2,2,1,2,0,0,0,0,0,0,0,0,0,0,3,3,0,0,13.0
1,1,1,1,1,0,0,1,0,0,0,2,0,0,0,3,1,0,1,0,0,0,0,0,2,0,2,0,2,0,0,2,3,52.0
1,1,1,1,0,0,0,0,0,0,0,0,0,0,1,1,1,1,2,0,1,0,0,0,0,0,0,0,0,0,0,2,0,48.0
2,1,2,2,1,0,0,0,0,0,0,0,0,0,0,2,0,0,1,0,0,0,0,0,0,0,0,2,0,0,0,1,0,17.0
3,2,1,2,0,0,0,0,0,0,0,0,0,2,0,2,1,0,2,0,0,0,0,0,0,0,0,2,0,0,0,2,0,25.0
2,2,2,1,0,0,0,0,0,0,0,0,0,2,0,1,2,0,3,0,0,0,0,0,0,0,0,3,0,0,0,0,0,33.0
2,1,2,2,2,0,0,0,0,0,0,0,1,2,0,2,2,2,2,2,2,1,1,1,0,0,0,0,0,0,0,3,0,62.0
0,0,0,0,0,0,0,3,0,0,0,1,0,0,0,3,1,1,1,0,0,0,0,0,2,0,3,3,3,0,0,3,3,52.0
2,2,1,2,0,0,0,0,0,0,0,0,0,0,2,1,1,1,1,0,0,0,0,0,0,0,0,0,0,0,0,1,0,27.0
3,2,2,2,2,0,0,0,0,0,0,0,0,1,0,0,2,1,1,1,2,1,1,1,0,0,0,0,0,0,0,2,0,40.0
3,2,2,2,0,0,0,0,0,0,0,0,0,3,0,2,2,0,3,0,0,0,0,0,0,0,0,2,0,0,0,1,0,31.0
2,1,1,2,0,0,0,0,0,0,0,0,0,2,0,3,2,0,2,0,0,0,0,0,0,0,0,3,0,0,0,3,0,27.0
3,2,2,1,0,0,0,0,0,0,0,0,0,1,0,2,1,0,2,0,0,0,0,0,0,0,0,2,0,0,0,2,0,10.0
1,1,2,3,0,0,0,0,0,0,0,0,0,0,3,1,1,1,1,0,0,0,0,0,0,0,0,0,0,0,0,1,0,55.0
2,2,2,3,3,0,0,0,0,2,0,0,1,2,0,1,1,1,1,1,1,1,1,2,0,0,0,0,0,0,0,2,0,30.0
3,3,2,2,1,0,0,0,0,1,0,0,2,2,0,1,2,1,1,1,2,1,2,1,0,0,0,0,0,0,0,2,0,42.0
2,1,2,1,1,0,0,2,0,0,0,2,0,0,0,2,2,0,2,0,0,0,0,0,3,0,3,0,3,0,0,3,3,48.0
0,1,2,1,1,0,1,0,2,3,0,0,0,1,0,0,3,1,2,3,3,3,1,1,0,0,0,0,0,0,0,2,0,22.0
1,1,1,0,2,0,0,0,0,0,0,0,0,1,0,1,1,0,1,0,0,0,0,0,0,0,0,2,0,0,0,1,0,31.0
3,2,1,3,0,0,0,0,0,0,1,0,1,2,0,3,2,0,1,0,1,0,0,0,0,0,0,3,0,0,0,1,0,50.0
2,1,0,2,0,0,0,0,0,0,0,0,1,1,0,2,0,0,0,0,0,0,0,0,0,0,0,0,0,0,0,2,0,43.0
1,1,1,3,0,0,1,0,0,0,0,0,0,0,2,1,3,1,1,0,2,0,0,0,0,0,0,1,0,0,0,2,0,30.0
3,3,3,3,3,0,0,0,3,3,1,0,0,1,0,0,2,1,2,2,2,2,2,2,0,1,0,0,0,0,0,2,0,42.0
2,1,1,3,2,2,0,2,0,0,0,2,0,0,0,2,2,0,1,0,0,0,0,0,2,0,3,0,2,0,0,3,3,22.0
2,1,0,2,2,0,0,0,0,0,0,0,0,0,0,3,1,1,1,0,0,0,0,0,0,1,0,2,0,0,0,1,0,18.0
2,2,1,2,0,0,0,0,0,0,0,0,0,1,0,3,2,0,1,0,0,0,0,0,0,0,0,3,0,0,0,2,0,35.0
1,1,1,0,0,0,0,0,0,0,0,0,0,0,3,0,2,0,0,0,3,0,0,0,0,0,0,0,0,0,0,1,0,60.0
2,2,2,2,2,0,0,0,2,1,0,0,0,0,0,2,0,2,2,2,2,2,1,1,0,0,0,0,0,0,0,1,0,28.0
2,2,1,0,0,0,2,0,2,0,1,0,0,0,0,1,1,1,1,0,0,0,0,0,0,0,0,0,0,1,1,1,0,13.0
2,2,1,1,0,0,0,0,1,0,0,0,1,1,0,2,2,1,1,0,1,0,1,0,0,0,0,2,0,0,0,1,0,20.0
1,1,2,0,0,0,0,0,0,0,0,0,0,0,3,0,2,0,0,0,2,0,0,0,0,0,0,0,0,0,0,1,0,64.0
3,3,3,2,2,0,0,0,2,2,0,0,0,1,0,0,1,0,1,1,1,1,1,1,0,2,0,0,0,0,0,3,0,43.0
2,3,1,2,0,0,0,0,0,0,0,0,1,0,0,3,2,0,2,0,2,0,0,0,0,0,0,2,0,0,0,1,0,20.0
1,2,2,1,0,0,0,0,0,0,0,0,2,0,0,2,3,0,1,0,1,0,0,0,0,0,0,1,0,0,0,2,0,34.0
2,2,2,2,2,0,0,0,2,2,1,0,0,1,0,0,2,1,2,2,2,1,0,2,0,0,1,0,0,0,0,1,0,39.0
1,1,0,1,1,0,0,0,0,0,0,0,0,0,0,2,0,0,1,0,0,0,0,0,0,0,0,2,0,0,0,2,0,60.0
1,1,1,1,1,0,0,0,1,1,0,0,0,2,0,0,1,2,1,1,1,2,0,3,0,0,0,0,0,0,0,2,0,38.0
2,2,3,2,1,3,0,2,0,0,0,2,0,0,0,2,3,0,0,0,0,0,0,0,2,0,3,0,2,0,0,2,3,44.0
3,2,1,2,2,0,0,0,2,2,0,0,0,1,0,0,2,3,2,2,2,3,0,3,0,0,0,0,0,0,0,3,1,36.0
2,2,2,3,2,0,0,0,3,3,0,0,0,1,0,0,2,0,2,2,2,2,2,2,0,1,0,0,0,0,0,2,0,41.0
2,2,2,3,2,2,0,2,0,0,0,3,0,0,0,3,2,0,1,0,0,0,0,0,2,0,3,2,3,0,0,3,3,18.0
1,1,2,0,0,0,0,0,0,0,0,0,0,0,3,0,2,0,0,0,2,0,0,0,0,0,0,0,0,0,0,2,0,39.0
2,2,3,2,3,3,0,3,0,0,0,2,0,0,0,2,3,0,2,0,0,0,0,0,3,0,2,2,2,0,0,2,2,40.0
1,1,1,2,2,2,0,2,0,0,0,2,0,0,0,2,2,0,1,0,0,0,0,0,2,0,2,0,2,0,0,3,3,47.0
2,2,2,3,0,0,1,0,0,0,0,0,0,0,3,1,2,2,2,0,2,0,0,0,0,0,0,0,0,0,0,1,0,16.0
2,2,1,2,0,0,0,0,0,0,0,0,0,1,0,2,2,0,2,0,0,0,0,0,0,0,0,2,0,0,0,2,0,27.0
2,2,3,2,2,2,0,3,0,0,0,2,0,0,2,2,2,0,1,0,0,0,0,0,2,0,3,3,2,0,0,2,2,52.0
2,2,0,2,2,0,0,0,0,0,0,0,0,0,0,3,0,0,2,0,0,0,0,0,0,0,0,3,0,0,0,2,0,25.0
1,1,1,1,1,0,0,0,2,2,0,0,0,2,0,0,2,1,1,2,2,1,0,2,0,0,0,0,0,0,0,0,2,0.0
3,3,2,2,0,0,0,0,0,0,0,0,0,0,0,0,2,0,2,0,1,0,0,0,0,0,0,3,0,0,0,2,0,33.0
2,2,2,1,0,0,2,0,0,0,0,0,0,0,3,1,3,2,2,0,2,0,0,0,0,0,0,0,0,0,0,2,0,46.0
1,1,2,0,0,0,3,0,3,0,1,0,0,0,0,2,1,1,1,1,0,0,0,0,0,0,0,0,0,2,2,2,0,7.0
2,3,3,3,3,0,0,0,2,1,0,0,0,0,0,2,2,1,3,3,3,3,0,0,0,0,0,0,0,0,0,2,0,30.0
3,2,2,2,2,0,0,0,0,3,0,0,0,2,0,0,3,1,3,3,3,2,0,1,0,0,0,0,0,0,0,2,0,29.0
2,2,1,1,0,0,0,0,0,0,0,0,0,1,0,2,3,0,2,0,0,0,0,0,0,0,0,2,0,0,0,1,0,23.0
2,2,2,0,0,0,2,0,2,0,0,0,0,0,0,2,2,2,2,0,0,0,0,0,0,0,0,0,0,2,2,2,0,8.0
2,2,2,2,3,2,0,3,0,0,0,3,0,0,0,3,2,0,1,0,0,0,0,0,2,0,3,0,3,0,0,3,3,44.0
1,1,0,0,0,0,0,0,0,0,0,0,0,0,2,0,3,0,0,0,2,0,0,0,0,0,0,0,0,0,0,1,0,17.0
2,1,0,2,2,0,0,0,0,0,0,0,0,0,0,2,1,1,1,0,0,0,0,0,0,0,0,2,0,0,0,1,0,16.0
1,1,2,2,2,0,2,0,1,2,0,0,0,1,0,0,2,1,2,3,3,3,2,2,0,0,0,0,0,0,0,2,0,55.0
2,2,2,3,2,0,0,0,1,1,0,0,0,1,0,0,1,1,1,1,1,1,1,1,0,2,0,0,0,0,0,3,0,40.0
3,2,2,1,3,3,0,3,0,0,0,3,0,0,0,3,2,0,3,0,0,0,0,0,2,0,3,3,3,0,0,2,2,34.0
2,2,1,0,0,0,0,0,0,0,0,0,0,0,2,0,3,0,0,0,2,0,0,0,0,0,0,0,0,0,0,3,0,29.0
3,2,2,0,0,0,0,0,0,0,0,0,0,0,1,0,2,0,0,0,1,0,0,0,0,0,0,0,0,0,0,2,0,34.0
1,1,1,1,1,0,1,0,2,3,0,0,0,1,0,0,2,2,1,2,2,2,2,2,0,0,0,0,0,0,0,3,0,25.0
2,2,0,2,1,0,0,0,0,0,0,0,0,0,0,2,0,0,2,0,0,0,0,0,0,0,0,3,0,0,0,3,0,70.0
3,3,2,1,0,0,0,0,0,0,0,0,2,0,0,2,3,0,2,0,2,0,0,0,0,0,0,2,0,0,0,1,0,37.0
2,3,2,3,3,3,0,2,0,0,0,3,0,0,0,3,2,0,3,0,0,0,0,0,3,0,2,2,2,0,0,2,2,41.0
3,3,3,3,2,0,0,0,0,0,0,0,0,1,0,0,2,1,1,1,2,1,1,2,0,0,0,0,0,0,0,2,0,32.0
2,2,1,2,2,0,0,0,0,0,0,0,0,1,0,1,2,0,1,0,0,0,0,0,0,0,0,2,0,0,0,2,0,20.0
2,3,1,2,1,0,0,0,0,0,0,0,0,2,0,0,1,0,0,2,1,2,2,0,0,0,0,0,0,0,0,2,0,19.0
3,2,2,3,2,0,0,0,0,2,0,0,0,2,0,2,2,1,2,3,3,3,3,1,0,0,0,0,0,0,0,3,0,61.0
2,1,1,3,2,2,0,2,0,0,0,0,0,0,2,3,0,2,0,0,0,0,0,3,0,2,0,2,2,0,0,3,2,27.0
1,1,2,3,2,3,0,3,0,0,0,2,0,0,0,2,2,0,2,0,0,0,0,0,2,0,3,2,3,0,0,2,3,36.0
2,2,3,3,1,2,0,2,0,0,0,1,0,0,0,3,3,0,2,0,0,0,0,0,3,0,2,1,2,0,0,2,3,40.0
3,2,0,3,0,0,0,0,0,0,0,0,1,1,0,3,2,0,1,0,0,0,0,0,0,0,0,3,0,0,0,2,0,52.0
1,1,0,3,0,0,0,0,0,0,0,0,1,0,2,0,3,0,1,0,2,0,0,0,0,0,0,0,0,0,0,1,0,27.0
2,2,2,0,2,0,0,0,0,0,0,0,0,0,0,2,2,0,2,0,0,0,0,0,0,0,0,2,0,0,0,1,0,30.0
2,3,0,2,0,0,0,0,0,0,0,0,0,0,0,3,2,0,0,0,0,0,0,0,0,0,0,2,0,0,0,1,0,45.0
1,2,0,3,0,0,0,0,0,0,0,0,0,0,0,2,2,0,0,0,0,0,0,0,0,0,0,2,0,0,0,2,0,34.0
2,3,2,1,0,0,0,0,1,2,1,0,0,1,0,2,1,0,1,2,2,1,1,0,0,0,0,0,0,0,0,2,0,27.0
3,3,2,2,0,0,0,0,2,0,0,0,0,1,0,2,1,0,2,1,1,1,1,0,0,0,0,0,0,0,0,2,0,46.0
2,2,2,0,0,0,0,0,1,0,0,0,0,2,0,1,3,0,1,2,2,1,0,0,0,0,0,0,0,0,0,1,0,52.0
1,0,1,2,0,0,0,0,0,0,0,0,0,0,3,0,3,1,0,0,2,0,0,0,0,0,0,0,0,0,0,1,0,28.0
2,1,1,1,0,2,0,2,0,0,0,2,0,0,0,2,2,0,2,0,0,0,0,0,1,0,2,2,2,0,0,3,3,40.0
2,3,0,2,0,0,0,0,0,0,0,0,0,0,0,3,3,0,0,0,0,0,0,0,0,0,0,2,0,0,0,1,0,55.0
3,3,2,2,0,3,0,2,0,0,0,2,0,0,0,2,2,0,2,0,0,0,0,0,2,0,2,3,3,0,0,2,3,32.0
2,2,1,2,0,0,0,0,0,0,0,0,0,0,0,2,1,0,0,0,0,0,0,0,0,0,0,2,0,0,0,1,0,33.0
3,2,2,1,0,0,0,0,0,0,0,0,0,0,0,1,2,0,0,0,0,0,0,0,0,0,0,3,0,0,0,2,0,47.0
2,1,2,0,2,0,0,0,0,0,0,0,0,0,0,2,2,0,1,0,0,0,0,0,0,0,0,2,0,0,0,1,0,35.0
2,1,1,2,0,0,0,0,0,0,0,0,0,0,0,2,1,0,0,0,0,0,0,0,0,0,0,2,0,0,0,3,0,61.0
3,2,2,2,0,2,0,2,0,0,0,2,0,0,0,2,2,0,2,0,0,0,0,0,2,0,1,1,1,0,0,2,2,22.0
2,2,0,0,0,0,2,0,1,1,1,0,0,0,0,2,2,0,1,0,0,0,0,0,0,0,0,1,0,1,2,1,0,10.0
3,2,0,2,0,0,0,0,0,0,0,0,0,1,0,2,2,0,1,0,0,0,0,0,0,0,0,2,0,0,0,0,0,20.0
3,2,2,3,1,0,0,0,1,1,1,0,0,2,0,0,2,0,2,2,3,2,1,1,0,0,0,0,0,0,0,1,0,55.0
2,3,2,2,1,0,0,0,2,2,0,0,0,2,0,0,2,0,3,3,3,2,2,2,0,0,0,0,0,0,0,2,0,67.0
2,2,3,3,1,2,0,2,0,0,0,2,0,0,0,3,2,0,2,0,0,0,0,0,2,0,2,0,0,0,0,2,3,51.0
2,2,2,0,2,0,0,0,0,0,0,0,0,0,0,2,1,0,1,0,0,0,0,0,0,1,0,2,0,0,0,1,0,20.0
2,2,3,3,1,3,0,2,0,0,0,3,0,0,0,2,3,0,2,0,0,0,0,0,2,0,3,2,2,0,0,3,3,22.0
1,1,2,3,1,2,0,2,0,0,0,1,0,0,0,1,3,0,1,0,0,0,0,0,1,0,2,2,3,0,0,2,3,45.0
2,3,2,0,0,0,0,0,2,2,0,0,0,2,0,0,2,0,2,3,2,1,3,0,0,2,0,0,0,0,0,2,0,55.0
3,2,3,0,0,0,0,0,3,0,0,0,0,3,0,0,1,0,1,2,2,0,2,0,0,3,0,0,0,0,0,1,0,56.0
3,3,3,0,0,0,0,0,2,0,0,0,0,2,0,0,2,0,2,2,3,0,3,0,0,2,0,0,0,0,0,2,0,18.0
3,2,2,2,0,2,0,2,0,0,0,2,0,0,0,2,3,0,3,0,0,0,0,0,2,0,2,3,2,0,0,2,3,40.0
2,2,2,0,0,0,0,0,3,2,0,0,0,2,0,0,2,0,2,2,3,2,3,0,0,2,0,0,0,0,0,3,0,30.0
3,2,3,0,0,0,0,0,2,2,0,0,0,2,0,0,3,0,2,2,2,3,3,0,0,2,0,0,0,0,0,2,0,33.0
2,2,0,3,0,0,0,0,0,0,0,0,0,2,0,3,3,0,0,0,0,0,0,0,0,0,0,2,0,0,0,2,0,40.0
1,2,2,2,0,3,0,2,0,0,0,2,0,0,0,3,2,0,2,0,0,0,0,0,3,0,2,2,2,0,0,2,2,42.0
2,2,2,2,0,2,0,3,0,0,0,3,0,0,0,3,3,0,3,0,0,0,0,0,3,0,3,3,3,0,0,2,2,36.0
2,3,2,0,0,0,0,0,2,0,0,0,0,3,0,0,3,0,2,2,2,0,2,0,0,0,0,0,0,0,0,2,0,27.0
3,2,2,0,0,0,0,0,0,0,0,0,0,2,0,0,2,0,1,0,2,2,0,0,0,0,0,0,0,0,0,2,0,56.0
1,3,1,0,0,0,0,0,0,0,0,0,0,2,0,0,2,0,2,0,3,3,0,0,0,0,0,0,0,0,0,3,0,60.0
2,2,2,0,0,0,0,0,0,0,0,0,0,3,0,0,3,0,3,0,3,3,0,0,0,0,0,0,0,0,0,2,0,20.0
2,2,1,0,0,0,3,0,2,0,1,0,0,0,0,2,2,1,2,0,0,0,0,0,0,0,0,2,0,3,3,2,0,7.0
2,2,0,2,0,0,0,0,0,0,0,0,0,1,0,3,2,0,0,0,0,0,0,0,0,0,0,3,0,0,0,1,0,30.0
3,2,0,3,0,0,0,0,0,0,0,0,0,2,0,2,2,0,0,0,0,0,0,0,0,0,0,2,0,0,0,2,0,19.0
2,3,0,2,0,0,0,0,0,0,0,0,0,2,0,3,3,0,0,0,0,0,0,0,0,0,0,2,0,0,0,2,0,52.0
3,2,0,2,0,0,0,0,0,0,1,0,0,2,0,2,2,0,0,0,0,0,0,0,0,0,0,3,0,0,0,3,0,55.0
2,2,2,0,0,0,0,0,3,0,0,0,0,2,0,0,2,0,2,2,2,0,2,0,0,2,0,0,0,0,0,2,0,23.0
2,1,2,3,1,2,0,2,0,0,0,2,0,0,0,1,3,0,2,0,0,0,0,0,2,0,2,0,3,0,0,3,2,50.0
2,3,3,3,0,3,0,3,0,0,0,2,0,0,0,2,1,0,2,0,0,0,0,0,2,0,2,0,3,0,0,2,2,38.0
3,2,2,2,0,2,0,0,0,0,0,2,0,0,0,3,2,0,3,0,0,0,0,0,2,0,3,0,2,0,0,3,3,25.0
2,2,2,0,0,0,0,0,2,2,1,0,0,2,0,0,2,0,3,3,2,2,2,1,0,2,0,0,0,0,0,2,0,18.0
3,2,2,0,0,0,0,0,3,3,1,0,0,3,0,0,3,0,2,3,2,3,2,0,0,3,0,0,0,0,0,2,0,35.0
2,2,1,2,0,0,0,0,0,0,0,0,1,1,0,2,2,0,1,0,0,0,1,0,0,0,0,3,0,0,0,2,0,22.0
3,2,3,3,1,2,0,2,0,0,0,3,0,0,0,2,2,0,2,0,0,0,0,0,1,0,2,0,2,0,0,2,3,52.0
3,2,2,0,0,0,0,0,0,0,0,0,1,1,0,1,1,0,2,0,0,0,1,0,0,0,0,2,0,0,0,2,0,50.0
2,2,2,0,0,0,0,0,0,0,0,0,1,2,0,2,0,0,1,0,0,0,0,0,0,0,0,2,0,0,0,1,0,33.0
3,2,1,0,0,0,0,0,0,0,0,0,1,1,0,2,0,0,2,0,0,0,0,0,0,0,0,2,0,0,0,1,0,44.0
1,1,0,2,0,0,1,0,0,0,0,0,0,0,2,1,2,1,0,0,1,0,0,0,0,0,0,0,0,0,0,2,0,18.0
1,1,0,1,0,0,2,0,0,0,0,0,0,0,1,2,1,2,0,0,2,0,0,0,0,0,0,0,0,0,0,2,0,25.0
2,2,0,2,0,0,1,0,0,0,0,0,0,0,2,1,2,1,0,0,2,0,0,0,0,0,0,0,0,0,0,3,0,52.0
1,1,0,1,0,0,2,0,0,0,0,0,0,0,2,2,1,2,0,0,1,0,0,0,0,0,0,0,0,0,0,1,0,35.0
2,2,0,2,0,0,1,0,0,0,0,0,0,0,1,1,2,2,0,0,0,0,0,0,0,0,0,0,0,0,0,2,1,40.0
3,2,2,0,0,0,0,0,2,2,1,0,0,2,0,0,3,2,1,2,2,2,1,1,0,0,0,0,0,0,0,2,0,55.0
2,3,2,0,1,0,0,0,2,3,0,0,0,2,0,0,2,3,1,2,2,2,1,1,0,0,0,0,0,0,0,1,0,20.0
3,2,2,0,2,0,0,0,3,2,0,0,0,3,0,0,3,2,2,2,2,2,1,0,0,0,0,0,0,0,0,2,0,60.0
2,3,2,0,0,0,0,0,2,3,0,0,0,2,0,0,2,2,2,2,2,3,2,1,0,0,0,0,0,0,0,2,0,33.0
2,3,2,0,0,0,0,0,3,2,0,0,0,2,0,0,3,2,3,2,2,3,2,1,0,0,0,0,0,0,0,2,0,27.0
3,2,2,0,0,0,0,0,2,2,0,0,0,2,0,0,3,1,2,3,3,2,3,0,0,0,0,0,0,0,0,2,0,50.0
2,3,2,0,0,0,0,0,3,2,0,0,0,2,0,0,2,1,2,3,3,2,2,0,0,0,0,0,0,0,0,1,0,70.0
2,2,2,3,1,2,0,2,0,0,0,2,0,0,0,2,2,0,1,0,0,0,0,0,2,2,2,1,3,0,0,2,3,28.0
2,2,2,2,1,3,0,2,0,0,0,2,0,0,0,3,2,0,0,0,0,0,0,0,3,2,2,2,2,0,0,3,3,30.0
3,2,3,2,2,2,0,2,0,0,0,3,0,0,0,2,3,0,1,0,0,0,0,0,2,1,2,2,1,0,0,2,3,53.0
2,3,2,3,3,2,0,2,0,0,0,2,0,0,0,3,2,0,0,0,0,0,0,0,3,2,2,1,2,0,0,2,2,27.0
2,2,3,2,2,2,0,3,0,0,0,3,0,0,0,2,3,0,0,0,0,0,0,0,2,2,3,2,2,0,0,2,3,50.0
3,2,2,3,3,3,0,2,0,0,0,2,0,0,0,2,3,0,0,0,0,0,0,0,2,2,2,2,2,0,0,2,2,42.0
3,2,1,0,2,0,0,0,0,0,0,0,0,0,0,2,2,0,0,0,0,0,0,0,0,0,0,3,0,0,0,2,0,45.0
2,2,1,0,1,0,0,0,0,0,0,0,0,0,0,3,2,0,0,0,0,0,0,0,0,0,0,3,0,0,0,2,0,35.0
3,1,1,0,1,0,0,0,0,0,0,0,0,0,0,2,2,0,0,0,0,0,0,0,0,0,0,2,0,0,0,3,0,30.0
2,2,2,1,2,0,0,0,0,0,0,0,0,0,0,3,2,0,0,0,0,0,0,0,0,0,0,3,0,0,0,2,0,42.0
1,1,1,3,0,0,0,0,0,0,0,0,0,0,2,1,3,0,1,0,2,0,0,0,0,0,0,0,0,0,0,2,0,18.0
2,1,2,2,0,0,0,0,0,0,0,0,0,0,3,0,3,0,2,0,2,0,0,0,0,0,0,2,0,0,0,1,0,25.0
2,1,3,3,0,0,0,0,0,0,0,0,0,0,2,0,2,0,2,0,2,0,0,0,0,0,0,1,0,0,0,1,0,36.0
2,1,2,2,0,0,0,0,0,0,0,0,0,0,1,0,1,0,1,0,1,0,0,0,0,0,0,0,0,0,0,1,0,40.0
1,2,1,1,0,0,0,0,0,0,0,0,0,0,2,0,2,0,2,0,2,0,0,0,0,0,0,0,0,0,0,2,0,35.0
1,1,1,2,0,0,0,0,0,0,0,0,0,0,3,0,2,0,2,0,2,0,0,0,0,0,0,0,0,0,0,2,0,19.0
2,1,2,0,0,0,0,0,0,0,0,0,0,0,2,0,2,0,2,0,2,0,0,0,0,0,0,0,0,0,0,1,0,50.0
2,2,0,2,0,0,0,0,0,0,0,0,1,1,0,2,2,0,2,0,0,0,0,0,0,0,0,3,0,0,0,2,0,47.0
3,2,0,1,0,0,0,0,0,1,0,0,2,2,0,3,2,0,2,0,0,0,0,0,0,0,0,2,0,0,0,3,0,30.0
2,3,0,3,0,0,0,0,0,2,0,0,2,2,0,2,3,0,3,0,0,0,0,0,0,0,0,2,0,0,0,2,0,42.0
3,2,0,2,0,0,0,0,0,2,0,0,2,2,0,2,2,0,2,0,0,0,0,0,0,0,0,1,0,0,0,2,0,55.0
2,2,2,1,1,0,0,0,2,0,1,0,0,2,0,1,2,1,2,2,2,2,1,1,0,1,0,0,0,0,0,2,0,60.0
3,2,3,0,1,0,0,0,1,2,0,0,0,2,0,2,1,2,1,1,1,1,1,1,0,2,0,0,0,0,0,2,0,65.0
2,2,2,1,0,0,0,0,0,1,1,0,0,1,0,2,1,2,2,2,1,2,0,0,0,1,0,0,0,0,0,2,0,47.0
3,2,3,2,0,0,0,0,0,2,1,0,0,0,0,2,1,3,2,2,2,2,0,0,0,3,0,0,0,0,0,3,0,35.0
2,2,1,1,0,0,0,0,0,2,1,0,0,0,0,2,2,2,2,1,2,2,0,0,0,2,0,0,0,0,0,2,0,52.0
2,2,2,2,0,0,0,0,0,1,0,0,0,0,0,2,2,3,2,2,1,1,0,0,0,2,0,0,0,0,0,1,0,60.0
2,2,2,1,0,0,2,0,2,2,1,0,0,0,0,1,2,0,2,0,0,0,0,0,0,0,0,2,0,2,2,2,0,7.0
3,2,0,0,0,0,2,0,2,2,0,0,0,0,0,2,1,0,2,0,0,0,0,0,0,0,0,1,0,2,3,3,0,8.0
2,2,2,3,0,0,0,0,2,2,1,0,0,1,0,0,2,1,2,3,3,3,0,1,0,2,0,0,0,0,0,1,0,25.0
3,2,2,3,0,0,0,0,2,0,0,0,0,2,0,0,2,2,2,2,2,2,0,2,0,2,0,0,0,0,0,1,0,60.0
2,2,2,2,0,0,0,0,2,2,1,0,0,1,0,0,3,0,3,2,2,2,0,2,0,2,0,0,0,0,0,2,0,50.0
2,1,2,0,0,0,0,0,3,2,1,0,0,2,0,0,2,0,2,3,2,2,0,2,0,3,0,0,0,0,0,2,0,33.0
3,3,3,0,0,0,0,0,2,3,0,0,0,1,0,0,3,0,3,3,3,3,0,1,0,3,0,0,0,0,0,3,0,27.0
2,2,2,0,0,0,0,0,2,3,0,0,0,2,0,0,2,0,2,3,2,2,0,2,0,2,0,0,0,0,0,2,0,55.0
2,2,2,0,0,0,0,0,2,2,0,0,0,2,0,0,2,0,2,2,2,2,0,2,0,2,0,0,0,0,0,2,0,62.0
3,2,2,0,0,0,0,0,0,1,1,0,0,2,0,0,2,0,1,1,2,2,1,0,0,2,0,0,0,0,0,2,0,19.0
2,1,1,2,2,2,0,2,0,0,0,2,1,0,0,3,2,1,1,0,0,0,0,0,2,0,2,2,3,0,0,2,3,50.0
2,2,2,2,3,3,0,2,0,0,0,2,0,0,0,2,3,1,1,0,0,0,0,0,2,0,2,3,2,0,0,3,2,40.0
2,2,2,2,1,2,0,2,0,0,0,2,1,0,0,3,2,1,1,0,0,0,0,0,2,0,2,2,3,0,0,2,3,62.0
2,2,2,2,1,2,0,2,0,0,0,3,1,0,0,2,2,1,1,0,0,0,0,0,2,0,2,3,2,0,0,2,3,36.0
2,1,2,2,0,3,0,2,0,0,0,2,1,0,0,3,2,1,1,0,0,0,0,0,2,0,2,3,2,0,0,3,2,27.0
3,1,2,3,0,3,0,0,0,1,0,2,1,0,0,2,3,1,2,0,0,0,0,0,1,0,3,2,3,0,0,2,2,47.0
2,1,2,2,0,2,0,0,0,1,0,1,1,0,0,2,3,1,2,0,0,0,0,0,2,0,2,2,2,0,0,2,2,50.0
2,1,1,0,1,0,0,0,0,0,0,0,0,0,0,2,2,0,1,0,0,0,0,0,0,1,0,2,0,0,0,1,0,35.0
3,2,1,1,0,0,0,0,0,0,0,0,1,0,0,3,2,1,1,0,0,0,0,0,0,1,0,1,0,0,0,2,0,25.0
1,2,2,0,1,0,0,0,0,0,0,0,0,1,0,2,2,2,1,0,0,0,0,0,0,1,0,2,0,0,0,1,0,60.0
2,2,2,0,1,0,0,0,0,0,0,0,0,0,0,2,2,1,1,0,0,0,0,0,0,0,0,2,0,0,0,2,0,22.0
1,2,2,0,1,0,0,0,0,0,0,0,0,0,0,3,2,2,1,0,0,0,0,0,0,1,0,2,0,0,0,2,0,35.0
2,2,2,1,0,0,0,0,0,0,0,0,0,0,0,2,2,2,2,0,0,0,0,0,0,0,0,1,0,0,0,2,0,36.0
2,1,0,2,0,0,0,0,0,0,0,0,0,0,2,1,3,2,2,1,3,0,0,0,0,0,0,2,0,0,0,3,0,36.29608938547486
1,1,1,3,0,0,0,0,0,0,0,0,0,0,3,2,3,1,2,2,2,0,0,0,0,0,0,3,0,0,0,2,0,36.29608938547486
1,1,0,2,0,0,0,0,1,0,0,0,0,0,3,2,3,2,1,1,3,0,0,0,0,0,0,2,0,0,0,3,0,36.29608938547486
1,1,0,3,0,0,0,0,0,0,0,0,0,0,2,1,3,1,1,0,2,0,1,0,0,0,0,2,0,0,0,3,0,36.29608938547486
2,2,1,1,0,0,2,0,2,0,1,0,0,0,0,1,1,1,1,0,0,0,0,0,0,0,0,2,0,1,2,2,0,10.0
3,2,0,1,0,0,2,0,1,0,1,0,0,0,0,1,2,1,2,0,0,0,0,0,0,0,0,3,0,1,2,2,0,12.0
2,2,1,1,0,0,2,0,0,0,0,0,0,0,0,1,1,1,1,0,0,0,0,0,0,0,0,2,0,1,2,2,0,8.0
3,2,2,0,0,0,0,0,0,0,0,0,0,0,0,3,2,1,0,0,0,0,0,0,0,1,0,2,0,0,0,2,0,35.0
2,2,1,0,1,0,0,0,0,0,0,0,0,0,0,2,2,0,0,0,0,0,0,0,0,1,0,3,0,0,0,2,0,62.0
2,2,2,0,0,0,0,0,0,0,0,0,0,0,0,3,1,0,0,0,0,0,0,0,0,1,0,2,0,0,0,3,0,48.0
3,3,2,0,1,0,0,0,2,2,1,0,0,0,0,0,2,1,3,3,3,2,1,0,0,1,0,0,0,0,0,2,0,30.0
2,2,3,1,0,0,0,0,3,2,1,0,0,0,0,1,2,0,3,3,3,2,1,1,0,2,0,0,0,0,0,3,0,57.0
1,2,2,1,1,0,0,0,2,2,1,0,0,1,0,0,2,0,2,3,3,3,2,1,0,2,0,0,0,0,0,2,0,62.0
2,2,3,1,0,0,0,0,1,2,0,0,0,1,0,0,2,0,2,3,3,2,1,1,0,2,0,0,0,0,0,2,0,36.0
3,2,2,2,0,0,0,0,2,1,0,0,0,1,0,0,2,0,3,2,3,2,2,1,0,2,0,0,0,0,0,3,0,18.0
2,2,2,1,0,0,0,0,0,0,0,0,0,0,0,2,2,1,2,0,0,0,0,0,0,0,0,3,0,0,0,2,0,25.0
3,2,2,1,0,0,0,0,1,0,1,0,0,1,0,3,2,0,1,0,0,0,0,0,0,0,0,3,0,0,0,3,0,16.0
2,2,1,0,1,0,0,0,0,0,0,0,0,0,0,2,1,0,1,0,0,0,0,0,0,0,0,2,0,0,0,2,0,50.0
1,2,2,0,1,0,0,0,0,0,0,0,0,0,0,2,1,0,0,0,0,0,0,0,0,1,0,2,0,0,0,1,0,55.0
2,2,1,0,0,0,0,0,0,0,0,0,0,0,0,2,2,1,1,0,0,0,0,0,0,0,0,2,0,0,0,2,0,27.0
3,3,2,0,0,0,0,0,2,2,0,0,0,0,0,0,2,1,2,2,3,2,1,0,0,1,0,0,0,0,0,2,0,55.0
2,3,3,1,0,0,0,0,2,1,0,0,0,0,0,0,3,0,2,2,2,3,0,1,0,2,0,0,0,0,0,2,0,22.0
2,2,2,1,0,0,0,0,0,0,0,0,0,0,0,2,2,1,0,0,0,0,0,0,0,0,0,2,0,0,0,2,0,70.0
3,2,2,0,0,0,0,0,0,0,0,0,0,0,0,2,2,1,0,0,0,0,0,0,0,0,0,2,0,0,0,3,0,22.0
2,3,2,1,0,0,0,0,0,0,0,0,0,0,0,3,2,0,0,0,0,0,0,0,0,0,0,3,0,0,0,3,0,45.0
2,1,2,1,0,2,0,2,0,0,0,2,0,0,0,2,2,0,1,0,0,0,0,0,2,0,2,0,2,0,0,3,3,40.0
2,2,3,1,0,3,0,2,0,0,0,3,0,0,0,3,3,0,0,0,0,0,0,0,1,0,3,2,3,0,0,3,3,28.0
3,2,2,1,0,2,0,3,0,0,0,2,0,0,0,2,2,1,1,0,0,0,0,0,2,0,3,1,2,0,0,3,3,36.0
2,2,3,2,1,2,0,2,0,0,0,2,0,0,0,2,3,0,0,0,0,0,0,0,2,0,2,2,2,0,0,3,3,27.0
2,2,2,0,1,0,0,0,1,1,0,0,0,0,0,0,2,1,2,3,3,2,0,2,0,1,0,0,0,0,0,2,0,42.0
2,3,2,0,1,0,0,0,3,2,1,0,0,1,0,0,3,0,2,2,3,3,0,0,0,2,0,0,0,0,0,2,0,27.0
2,2,3,1,0,0,0,0,2,2,0,0,0,0,0,0,3,1,3,3,2,2,2,1,0,3,0,0,0,0,0,2,0,50.0
2,1,3,0,1,0,0,0,0,2,0,0,0,0,0,0,3,0,2,2,3,3,0,0,0,2,0,0,0,0,0,2,0,34.0
2,1,0,2,0,0,0,0,0,0,0,0,0,0,3,1,2,1,0,0,2,0,0,0,0,0,0,0,0,0,0,1,0,8.0
2,1,1,3,0,0,1,0,0,0,0,0,0,0,2,0,2,0,0,0,3,0,0,0,0,0,0,0,0,0,0,2,0,19.0
1,1,2,2,0,0,0,0,1,0,0,0,1,0,3,0,3,2,0,0,2,0,0,0,0,0,0,0,0,0,0,0,0,36.0
2,1,0,3,0,0,0,0,0,0,0,0,0,0,3,0,2,0,0,0,0,0,0,0,0,0,0,0,0,0,0,1,0,70.0
2,2,1,3,0,0,0,0,0,0,0,0,0,0,3,0,2,1,0,0,3,0,0,0,0,0,0,0,0,0,0,2,0,52.0
2,2,3,3,1,2,0,1,0,0,0,2,0,0,0,2,2,0,1,0,0,0,0,0,1,0,2,0,2,0,0,2,3,25.0
3,2,2,2,0,2,0,2,0,0,0,3,0,0,0,3,2,0,1,0,0,0,0,0,1,0,2,0,3,0,0,3,3,36.0
2,2,2,3,1,2,0,1,0,0,0,2,0,0,0,2,2,0,1,0,0,0,0,0,1,0,2,0,3,0,0,1,2,50.0
2,1,2,0,1,0,0,0,0,0,0,0,0,0,0,2,2,0,1,0,0,0,0,0,0,0,0,2,0,0,0,2,0,34.0
3,1,2,1,0,0,0,0,2,3,0,0,0,0,0,0,2,0,2,3,2,2,0,3,0,2,0,0,0,0,0,2,0,17.0
2,2,2,0,1,0,0,0,2,1,0,0,0,0,0,0,3,1,1,3,2,2,0,2,0,0,0,0,0,0,0,2,0,24.0
2,1,1,0,1,0,0,0,0,0,0,0,0,0,0,3,1,0,0,0,0,0,0,0,0,1,0,3,0,0,0,2,0,22.0
2,1,2,1,1,0,0,0,0,0,0,0,0,0,0,2,2,0,1,0,0,0,0,0,0,1,0,3,0,0,0,2,0,55.0
2,1,1,0,1,0,0,0,0,0,0,0,0,0,0,3,2,0,0,0,0,0,0,0,0,0,0,2,0,0,0,2,0,12.0
2,3,2,0,1,0,0,0,0,1,0,0,0,0,0,0,2,0,2,3,3,2,0,2,0,2,0,0,0,0,0,2,0,43.0
3,2,2,0,0,0,0,0,0,1,1,0,0,0,0,0,3,0,2,2,3,2,0,1,0,2,0,0,0,0,0,2,0,50.0
2,2,2,1,0,0,0,0,2,2,0,0,0,0,0,0,2,0,2,2,3,2,0,0,0,2,0,0,0,0,0,2,0,36.0
2,2,3,3,2,3,0,1,0,0,0,2,0,0,0,3,2,0,1,0,0,0,0,0,2,0,3,0,3,0,0,2,3,26.0
3,1,2,3,2,2,0,2,0,0,0,2,0,0,0,2,2,0,1,0,0,0,0,0,2,0,2,0,2,0,0,3,3,16.0
2,2,2,3,2,3,0,2,0,0,0,2,0,0,0,2,2,0,0,0,0,0,0,0,3,0,2,0,2,0,0,2,3,32.0
2,1,2,3,3,2,0,2,0,0,0,3,0,0,0,3,1,0,0,0,0,0,0,0,2,0,3,0,2,0,0,2,3,51.0
2,2,3,2,2,3,0,1,0,0,0,2,0,0,0,3,3,0,1,0,0,0,0,0,2,0,3,0,3,0,0,3,2,56.0
2,2,2,0,1,0,0,0,2,2,0,0,0,0,0,0,2,1,2,3,2,3,1,2,0,2,0,0,0,0,0,2,0,47.0
2,2,3,1,0,0,0,0,2,1,0,0,0,0,0,0,2,2,3,3,3,2,0,1,0,2,0,0,0,0,0,2,0,51.0
3,2,2,0,0,0,0,0,2,2,0,0,0,0,0,0,3,0,3,2,3,3,0,2,0,3,0,0,0,0,0,3,0,58.0
2,2,3,0,0,0,0,0,3,0,0,0,0,0,0,0,3,2,2,2,3,2,0,0,0,1,0,0,0,0,0,2,0,27.0
2,2,2,0,1,0,0,0,0,0,0,0,0,0,0,2,1,0,0,0,0,0,0,0,0,1,0,2,0,0,0,2,0,32.0
2,1,1,0,1,0,0,0,0,0,0,0,1,0,0,3,2,0,1,0,0,0,0,0,0,0,0,1,0,0,0,1,0,27.0
2,3,3,0,0,0,0,0,1,0,1,0,0,1,0,0,2,2,2,2,2,2,2,2,0,1,0,0,0,0,0,2,0,62.0
2,2,3,0,1,0,0,0,3,0,0,0,0,2,0,0,1,1,2,2,2,3,0,2,0,1,0,0,0,0,0,2,0,53.0
3,1,1,0,1,0,0,0,0,0,0,0,0,0,0,2,2,0,0,0,0,0,0,0,0,0,0,2,0,0,0,2,0,46.0
2,1,2,3,2,2,0,3,0,0,0,2,1,0,0,2,2,0,1,0,0,0,0,0,2,0,2,1,2,0,0,2,3,37.0
1,1,2,3,2,3,0,2,0,0,0,2,0,0,0,2,1,0,2,0,0,0,0,0,2,0,2,0,2,0,0,2,3,49.0
2,1,0,1,0,0,0,0,0,0,0,0,0,1,0,2,1,0,1,0,0,0,0,0,0,1,0,3,0,0,0,2,0,18.0
2,2,2,2,2,0,0,0,0,2,0,0,0,0,0,0,2,0,2,2,3,3,2,2,0,2,0,0,0,0,0,2,0,46.0
2,1,2,0,0,0,0,0,2,0,0,0,0,1,0,0,2,1,2,3,2,3,0,0,0,3,0,0,0,0,0,0,0,33.0
1,1,1,0,1,0,0,0,0,0,0,0,0,0,0,1,2,0,0,0,0,0,0,0,0,0,0,2,0,0,0,3,0,22.0
2,2,2,0,1,0,0,0,0,0,0,0,0,0,0,2,2,0,1,0,0,0,0,0,0,2,0,2,0,0,0,2,0,44.0
1,0,0,3,0,0,0,0,0,0,0,0,1,0,3,2,3,0,0,0,2,0,0,0,0,0,0,0,0,0,0,3,0,36.0
2,0,1,3,0,0,0,0,0,0,0,0,0,0,2,2,3,0,1,0,3,0,0,0,0,0,0,0,0,0,0,3,0,63.0
3,2,2,0,0,0,0,0,2,2,0,0,0,0,0,0,3,0,3,2,3,2,0,1,0,2,0,0,0,0,0,1,0,56.0
2,3,2,1,0,0,0,0,2,2,0,0,0,0,0,0,2,0,2,2,3,2,1,0,0,2,0,0,0,0,0,2,0,60.0
2,1,0,0,0,0,0,0,0,0,0,0,1,0,2,2,3,0,0,0,2,0,0,0,0,0,0,1,0,0,0,2,0,42.0
3,1,0,1,0,0,0,0,0,0,0,0,0,0,1,2,2,0,0,0,2,0,0,0,0,0,0,0,0,0,0,2,0,32.0
2,1,2,2,2,3,0,2,0,0,0,2,1,0,0,3,2,0,0,0,0,0,0,0,3,0,2,0,2,0,0,2,3,51.0
2,2,3,0,0,0,0,0,2,2,0,0,0,1,0,0,2,0,2,3,2,3,0,2,0,2,0,0,0,0,0,2,0,33.0
1,1,0,2,0,0,0,0,0,0,0,0,0,0,3,1,2,0,1,0,3,0,0,0,0,0,0,0,0,0,0,2,0,68.0
2,0,1,2,0,0,0,0,0,0,0,0,0,0,2,2,1,0,0,0,2,0,0,0,0,0,0,0,0,0,0,2,0,50.0
2,2,2,0,0,0,1,0,1,0,1,0,0,0,0,2,2,1,0,0,0,0,0,0,0,0,0,1,0,3,2,2,0,9.0
2,2,1,0,0,0,2,0,2,0,0,0,0,0,0,3,2,0,1,0,0,0,0,0,0,0,0,2,0,2,3,1,0,16.0
2,2,2,1,1,0,0,0,0,0,0,0,0,0,0,2,1,0,0,0,0,0,0,0,0,0,0,2,0,0,0,2,0,35.0
2,2,2,1,0,0,0,0,0,0,0,0,1,0,0,0,2,0,0,0,0,0,0,0,0,1,0,2,0,0,0,2,0,40.0
2,2,0,1,0,0,2,0,2,0,0,0,0,0,0,2,2,0,0,0,0,0,0,0,0,0,0,1,0,2,2,2,0,22.0
3,2,2,0,0,0,3,0,1,0,1,0,0,0,0,1,3,1,1,0,0,0,0,0,0,0,0,2,0,3,2,2,0,10.0
2,2,1,0,0,0,2,0,2,0,0,0,0,0,0,3,2,0,1,0,0,0,0,0,0,0,0,3,0,2,2,2,0,7.0
1,2,2,2,0,0,0,0,2,2,0,0,0,1,0,0,2,1,3,3,3,2,0,2,0,2,0,0,0,0,0,2,0,25.0
2,2,2,3,2,0,0,0,2,3,1,0,0,1,0,0,2,2,2,2,2,2,0,2,0,3,0,0,0,0,0,2,0,9.0
3,2,2,3,2,0,0,0,2,3,0,0,0,0,0,0,3,0,2,2,3,2,0,3,0,2,0,0,0,0,0,1,0,55.0
1,1,1,2,0,0,0,0,0,0,0,0,0,0,3,2,2,0,0,0,2,0,0,0,0,0,0,1,0,0,0,2,0,45.0
2,0,1,2,0,0,0,0,0,0,0,0,0,0,3,1,2,0,0,0,2,0,0,0,0,0,0,0,0,0,0,2,0,56.0
2,3,2,3,2,0,0,0,3,2,0,0,0,1,0,0,3,2,3,2,2,2,0,3,0,3,0,0,0,0,0,0,0,36.0
2,2,2,2,2,0,0,0,3,0,1,0,0,0,0,0,2,2,2,2,3,3,0,2,0,3,0,0,0,0,0,0,0,75.0
2,2,2,0,1,0,0,0,0,1,0,0,0,1,0,0,2,0,2,3,2,3,2,1,0,1,0,0,0,0,0,2,0,45.0
2,3,2,1,0,0,0,0,2,2,0,0,0,1,0,0,2,0,2,2,2,2,0,2,0,2,0,0,0,0,0,3,0,24.0
2,2,0,0,0,0,0,0,0,0,0,0,1,0,0,3,2,0,0,0,0,0,0,0,0,0,0,2,0,0,0,1,0,40.0
2,2,1,1,0,0,0,0,0,0,0,0,1,1,0,2,2,1,0,0,0,0,0,0,0,0,0,3,0,0,0,1,0,25.0
2,1,1,0,1,0,0,0,0,0,0,0,0,1,0,1,1,0,0,0,0,0,0,0,0,0,0,1,0,0,0,2,0,25.0
3,2,1,0,1,0,0,0,0,0,0,0,0,0,0,2,2,0,0,0,0,0,0,0,0,1,0,1,0,0,0,2,0,36.0
3,2,2,2,3,2,0,2,0,0,0,2,2,0,0,3,3,0,0,0,0,0,0,0,3,0,3,0,3,0,0,2,3,28.0
2,1,3,1,2,3,0,2,0,0,0,2,0,0,0,3,2,0,0,0,0,0,0,0,3,0,2,0,1,0,0,2,3,50.0
3,2,2,0,0,0,0,0,3,3,0,0,0,1,0,0,2,0,2,3,2,3,0,2,0,2,0,0,0,0,0,3,0,35.0
